game.StarterGui:SetCore("SendNotification", {
    Title = "1000 LINE CODE ANTIVOID";
    Text = "Made by Haxarebest1";
    Duration = 5
    })

local function block1()
local part1 = Instance.new("Part")
part1.Anchored = true
part1.Parent = Workspace
part1.Size = Vector3.new(50, 2048, 200)
part1.Position = Vector3.new(-113.525894, 57.8271484, 184.719711, 0.866025388, 0, -0.5, 0, 1, 0, 0.5, 0, 0.866025388)
part1.Rotation = Vector3.new(0, -30, 0)
part1.Transparency = 1
part1.Name = "AntiVoidPart"
end

block1()



local function block2()
local part1 = Instance.new("Part")
part1.Anchored = true
part1.Parent = Workspace
part1.Size = Vector3.new(76, 2048, 36)
part1.Position = Vector3.new(-100.583702, 16.0377407, 159.242386, 0.707106769, 0, -0.707106769, 0, 1, 0, 0.707106769, 0, 0.707106769)
part1.Rotation = Vector3.new(0, -45, 0)
part1.Transparency = 1
part1.Name = "AntiVoidPart"
end

block2()





local function block3()
local part1 = Instance.new("Part")
part1.Anchored = true
part1.Parent = Workspace
part1.Size = Vector3.new(47, 2048, 33)
part1.Position = Vector3.new(-89.3421478, 48.9976692, 111.320297, -0.707106769, 6.18172393e-08, -0.707106769, 2.5605539e-08, 1, 6.18172393e-08, 0.707106769, 2.56055372e-08, -0.707106769)
part1.Rotation = Vector3.new(180, -45, 180)
part1.Transparency = 1
part1.Name = "AntiVoidPart"
end

block3()



local function block4()
local part1 = Instance.new("Part")
part1.Anchored = true
part1.Parent = Workspace
part1.Size = Vector3.new(18, 2048, 25)
part1.Position = Vector3.new(-112.017082, 30.4686546, 127.127136, 0.866025388, 0, -0.5, 0, 1, 0, 0.5, 0, 0.866025388)
part1.Rotation = Vector3.new(0, -30, 0)
part1.Transparency = 1
part1.Name = "AntiVoidPart"
end

block4()



local function block5()
local part1 = Instance.new("Part")
part1.Anchored = true
part1.Parent = Workspace
part1.Size = Vector3.new(25, 2048, 143)
part1.Position = Vector3.new(-191.201492, 73.0856476, 154.366684, 0.49999997, 0, -0.866025448, 0, 1, 0, 0.866025448, 0, 0.49999997)
part1.Rotation = Vector3.new(0, -60, 0)
part1.Transparency = 1
part1.Name = "AntiVoidPart"
end

block5()

local function block6()
local part1 = Instance.new("Part")
part1.Anchored = true
part1.Parent = Workspace
part1.Size = Vector3.new(23, 2048, 6)
part1.Position = Vector3.new(-131.995758, 49.9017677, 114.580872, 0.965925813, 0, 0.258819044, 0, 1, 0, -0.258819044, 0, 0.965925813)
part1.Rotation = Vector3.new(0, 15, 0)
part1.Transparency = 1
part1.Name = "AntiVoidPart"
end

block6()



local function block7()
local part1 = Instance.new("Part")
part1.Anchored = true
part1.Parent = Workspace
part1.Size = Vector3.new(43, 2048, 48)
part1.Position = Vector3.new(-117.564407, 53.1440544, 80.3744049, 0.707106769, 0, -0.707106769, 0, 1, 0, 0.707106769, 0, 0.707106769)
part1.Rotation = Vector3.new(0, -45, 0)
part1.Transparency = 1
part1.Name = "AntiVoidPart"
end

block7()



local function block8()
local part1 = Instance.new("Part")
part1.Anchored = true
part1.Parent = Workspace
part1.Size = Vector3.new(4, 2048, 28)
part1.Position = Vector3.new(-109.809792, 28.2387733, 56.1878967, 1, 0, 0, 0, 1, 0, 0, 0, 1)
part1.Transparency = 1
part1.Name = "AntiVoidPart"
end

block8()


local function block9()
local part1 = Instance.new("Part")
part1.Anchored = true
part1.Parent = Workspace
part1.Size = Vector3.new(53, 2048, 20)
part1.Position = Vector3.new(-137.839615, -0.297121555, 41.0377274, -0.912177324, 7.9745071e-08, 0.409795672, 1.23248256e-07, 1, 7.9745071e-08, -0.409795672, 1.23248256e-07, -0.912177324)
part1.Rotation = Vector3.new(180, 24.191999435424805, 180)
part1.Transparency = 1
part1.Name = "AntiVoidPart"
end

block9()

local function block10()
local part1 = Instance.new("Part")
part1.Anchored = true
part1.Parent = Workspace
part1.Size = Vector3.new(49, 2048, 3)
part1.Position = Vector3.new(-134.142181, 27.3271523, 27.0424919, -0.912177324, 7.9745071e-08, 0.409795672, 1.23248256e-07, 1, 7.9745071e-08, -0.409795672, 1.23248256e-07, -0.912177324)
part1.Rotation = Vector3.new(180, 24.191999435424805, 180)
part1.Transparency = 1
part1.Name = "AntiVoidPart"
end

block10()




local function block11()
local part1 = Instance.new("Part")
part1.Anchored = true
part1.Parent = Workspace
part1.Size = Vector3.new(22, 2048, 16)
part1.Position = Vector3.new(-126.706017, 6.17037201, 16.6702442, 0.965925813, 0, 0.258819044, 0, 1, 0, -0.258819044, 0, 0.965925813)
part1.Rotation = Vector3.new(0, 15, 0)
part1.Transparency = 1
part1.Name = "AntiVoidPart"
end

block11()




local function block12()
local part1 = Instance.new("Part")
part1.Anchored = true
part1.Parent = Workspace
part1.Size = Vector3.new(41, 2048, 2)
part1.Position = Vector3.new(-138.246628, 26.3968163, 8.2270689, -0.996537983, 8.71201209e-08, -0.0831386819, 8.01545639e-08, 1, 8.71201209e-08, 0.0831386819, 8.01545639e-08, -0.996537983)
part1.Rotation = Vector3.new(180, -4.769000053405762, 180)
part1.Transparency = 1
part1.Name = "AntiVoidPart"
end

block12()



local function block13()
local part1 = Instance.new("Part")
part1.Anchored = true
part1.Parent = Workspace
part1.Size = Vector3.new(40, 2048, 2)
part1.Position = Vector3.new(-136.836609, 4.32714939, 0.936415792, 1, 0, 0, 0, 1, 0, 0, 0, 1)
part1.Transparency = 1
part1.Name = "AntiVoidPart"
end

block13()



local function block14()
local part1 = Instance.new("Part")
part1.Anchored = true
part1.Parent = Workspace
part1.Size = Vector3.new(44, 2048, 2)
part1.Position = Vector3.new(-134.768555, 45.7218246, 2.33318424, -0.996537983, 8.71201209e-08, -0.0831386819, 8.01545639e-08, 1, 8.71201209e-08, 0.0831386819, 8.01545639e-08, -0.996537983)
part1.Rotation = Vector3.new(180, -4.769000053405762, 180)
part1.Transparency = 1
part1.Name = "AntiVoidPart"
end

block14()





local function block15()
local part1 = Instance.new("Part")
part1.Anchored = true
part1.Parent = Workspace
part1.Size = Vector3.new(18, 2048, 33)
part1.Position = Vector3.new(-108.860451, 17.0540314, 63.7427826, 1, 0, 0, 0, 1, 0, 0, 0, 1)
part1.Rotation = Vector3.new(180, -4.769000053405762, 180)
part1.Transparency = 1
part1.Name = "AntiVoidPart"
end

block15()




local function block16()
local part1 = Instance.new("Part")
part1.Anchored = true
part1.Parent = Workspace
part1.Size = Vector3.new(41, 2048, 18)
part1.Position = Vector3.new(-136.039383, 14.3271484, -11.9861546, 1, 0, 0, 0, 1, 0, 0, 0, 1)
part1.Transparency = 1
part1.Name = "AntiVoidPart"
end

block16()



local function block17()
local part1 = Instance.new("Part")
part1.Anchored = true
part1.Parent = Workspace
part1.Size = Vector3.new(26, 2048, 24)
part1.Position = Vector3.new(-124.963837, 10.8514194, -34.1721649, 0.965925813, 0, -0.258819044, 0, 1, 0, 0.258819044, 0, 0.965925813)
part1.Rotation = Vector3.new(0, -15, 0)
part1.Transparency = 1
part1.Name = "AntiVoidPart"
end

block17()


local function block18()
local part1 = Instance.new("Part")
part1.Anchored = true
part1.Parent = Workspace
part1.Size = Vector3.new(31, 2048, 8)
part1.Position = Vector3.new(-141.754364, 0.721824646, 12.9443436, 1, 0, 0, 0, 1, 0, 0, 0, 1)
part1.Transparency = 1
part1.Name = "AntiVoidPart"
end

block18()



local function block19()
local part1 = Instance.new("Part")
part1.Anchored = true
part1.Parent = Workspace
part1.Size = Vector3.new(14, 2048, 2)
part1.Position = Vector3.new(-147.860657, 5.7218256, 2.54405379, 1, 0, 0, 0, 1, 0, 0, 0, 1)
part1.Transparency = 1
part1.Name = "AntiVoidPart"
end

block19()



local function block20()
local part1 = Instance.new("Part")
part1.Anchored = true
part1.Parent = Workspace
part1.Size = Vector3.new(25, 2048, 4)
part1.Position = Vector3.new(-163.991547, -0.0372781754, 32.955925, -0.49999997, 4.37113847e-08, -0.866025448, 1.17124275e-08, 1, 4.37113847e-08, 0.866025448, 1.17124301e-08, -0.49999997)
part1.Rotation = Vector3.new(180, -60, 180)
part1.Transparency = 1
part1.Name = "AntiVoidPart"
end

block20()





local function block21()
local part1 = Instance.new("Part")
part1.Anchored = true
part1.Parent = Workspace
part1.Size = Vector3.new(12, 2048, 19)
part1.Position = Vector3.new(-118.543045, 9.82714844, 27.3408241, 0.49999997, 0, 0.866025448, 0, 1, 0, -0.866025448, 0, 0.49999997)
part1.Rotation = Vector3.new(0, 60, 0)
part1.Transparency = 1
part1.Name = "AntiVoidPart"
end

block21()


local function block22()
local part1 = Instance.new("Part")
part1.Anchored = true
part1.Parent = Workspace
part1.Size = Vector3.new(32, 2048, 23)
part1.Position = Vector3.new(-178.810043, 7.91400909, 58.8964005, 0.866025388, 0, 0.5, 0, 1, 0, -0.5, 0, 0.866025388)
part1.Rotation = Vector3.new(0, 30, 0)
part1.Transparency = 1
part1.Name = "AntiVoidPart"
end

block22()



local function block23()
local part1 = Instance.new("Part")
part1.Anchored = true
part1.Parent = Workspace
part1.Size = Vector3.new(35, 2048, 47)
part1.Position = Vector3.new(-213.782501, 5.64008522, 79.6691132, 1, 0, 0, 0, 1, 0, 0, 0, 1)
part1.Transparency = 1
part1.Name = "AntiVoidPart"
end

block23()



local function block24()
local part1 = Instance.new("Part")
part1.Anchored = true
part1.Parent = Workspace
part1.Size = Vector3.new(32, 2048, 35)
part1.Position = Vector3.new(-251.35791, 9.82780647, 63.4585304, 0.866025388, 0, -0.5, 0, 1, 0, 0.5, 0, 0.866025388)
part1.Rotation = Vector3.new(0, -30, 0)
part1.Transparency = 1
part1.Name = "AntiVoidPart"
end

block24()



local function block25()
local part1 = Instance.new("Part")
part1.Anchored = true
part1.Parent = Workspace
part1.Size = Vector3.new(28, 2048, 35)
part1.Position = Vector3.new(-275.512756, 2.22182655, 29.7110577, 0.866025388, 0, 0.5, 0, 1, 0, -0.5, 0, 0.866025388)
part1.Rotation = Vector3.new(0, 30, 0)
part1.Transparency = 1
part1.Name = "AntiVoidPart"
end

block25()





local function block26()
local part1 = Instance.new("Part")
part1.Anchored = true
part1.Parent = Workspace
part1.Size = Vector3.new(32, 2048, 24)
part1.Position = Vector3.new(-156.822617, 0.721824646, -37.3884506, 0.49999997, 0, -0.866025448, 0, 1, 0, 0.866025448, 0, 0.49999997)
part1.Rotation = Vector3.new(0, -60, 0)
part1.Transparency = 1
part1.Name = "AntiVoidPart"
end

block26()


local function block27()
local part1 = Instance.new("Part")
part1.Anchored = true
part1.Parent = Workspace
part1.Size = Vector3.new(32, 2048, 31)
part1.Position = Vector3.new(-170.715942, 6.72182465, -60.7870598, 0.866025388, 0, -0.5, 0, 1, 0, 0.5, 0, 0.866025388)
part1.Rotation = Vector3.new(0, -30, 0)
part1.Transparency = 1
part1.Name = "AntiVoidPart"
end

block27()



local function block27()
local part1 = Instance.new("Part")
part1.Anchored = true
part1.Parent = Workspace
part1.Size = Vector3.new(32, 2048, 31)
part1.Position = Vector3.new(-170.715942, 6.72182465, -60.7870598, 0.866025388, 0, -0.5, 0, 1, 0, 0.5, 0, 0.866025388)
part1.Rotation = Vector3.new(0, -30, 0)
part1.Transparency = 1
part1.Name = "AntiVoidPart"
end

block27()



local function block28()
local part1 = Instance.new("Part")
part1.Anchored = true
part1.Parent = Workspace
part1.Size = Vector3.new(65, 2048, 56)
part1.Position = Vector3.new(-201.121078, 14.2218189, -83.0001144, -1, 8.74227766e-08, 0, 8.74227766e-08, 1, 8.74227766e-08, 7.64274186e-15, 8.74227766e-08, -1)
part1.Rotation = Vector3.new(180, 0, 180)
part1.Transparency = 1
part1.Name = "AntiVoidPart"
end

block28()



local function block29()
local part1 = Instance.new("Part")
part1.Anchored = true
part1.Parent = Workspace
part1.Size = Vector3.new(32, 2048, 27)
part1.Position = Vector3.new(-248.701492, 2.72182465, -59.9668999, 0.866025388, 0, 0.5, 0, 1, 0, -0.5, 0, 0.866025388)
part1.Rotation = Vector3.new(0, 30, 0)
part1.Transparency = 1
part1.Name = "AntiVoidPart"
end

block29()


local function block30()
local part1 = Instance.new("Part")
part1.Anchored = true
part1.Parent = Workspace
part1.Size = Vector3.new(37, 2048, 30)
part1.Position = Vector3.new(-271.930603, 5.72182465, -39.3076401, 0.49999997, 0, 0.866025448, 0, 1, 0, -0.866025448, 0, 0.49999997)
part1.Rotation = Vector3.new(0, 60, 0)
part1.Transparency = 1
part1.Name = "AntiVoidPart"
end

block30()


local function block31()
local part1 = Instance.new("Part")
part1.Anchored = true
part1.Parent = Workspace
part1.Size = Vector3.new(98, 2048, 35)
part1.Position = Vector3.new(-312.449493, -27.7781754, -31.0630951, 0.965925872, 0, -0.258818835, 0, 1, 0, 0.258818835, 0, 0.965925872)
part1.Rotation = Vector3.new(0,-15, 0)
part1.Transparency = 1
part1.Name = "AntiVoidPart"
end

block31()


local function block32()
local part1 = Instance.new("Part")
part1.Anchored = true
part1.Parent = Workspace
part1.Size = Vector3.new(95, 2048, 29)
part1.Position = Vector3.new(-316.726624, -11.7781744, 16.814394, 1, 0, 0, 0, 1, 0, 0, 0, 1)
part1.Transparency = 1
part1.Name = "AntiVoidPart"
end

block32()


local function block33()
local part1 = Instance.new("Part")
part1.Anchored = true
part1.Parent = Workspace
part1.Size = Vector3.new(198, 1, 104)
part1.Position = Vector3.new(-358.406006, -27.7667332, 4.81204605, 1, 0, 0, 0, 1, 0, 0, 0, 1)
part1.Transparency = 1 
part1.Name = "AntiVoidPartFlat"
end

block33()



local function block34()
local part1 = Instance.new("Part")
part1.Anchored = true
part1.Parent = Workspace
part1.Size = Vector3.new(23, 2048, 33)
part1.Position = Vector3.new(-348.455597, 56.6413994, -42.9792099, 0.5, 0, -0.866025388, 0, 1, 0, 0.866025388, 0, 0.49999997)
part1.Rotation = Vector3.new(0,-60,0)
part1.Transparency = 1
part1.Name = "AntiVoidPart"
end

block34()



local function block35()
local part1 = Instance.new("Part")
part1.Anchored = true
part1.Parent = Workspace
part1.Size = Vector3.new(29, 2048, 25)
part1.Position = Vector3.new(-365.778442, 60.1414146, -56.9083214, 0.866025329, 0, -0.500000179, 0, 1, 0, 0.500000179, 0, 0.866025329)
part1.Rotation = Vector3.new(0,-30,0)
part1.Transparency = 1
part1.Name = "AntiVoidPart"
end

block35()


local function block36()
local part1 = Instance.new("Part")
part1.Anchored = true
part1.Parent = Workspace
part1.Size = Vector3.new(33, 2048, 31)
part1.Position = Vector3.new(-394.046387, 64.1414185, -67.1127548, 1, 0, 0, 0, 1, 0, 0, 0, 1)
part1.Rotation = Vector3.new(0,0,0)
part1.Transparency = 1
part1.Name = "AntiVoidPart"
end

block36()


local function block37()
local part1 = Instance.new("Part")
part1.Anchored = true
part1.Parent = Workspace
part1.Size = Vector3.new(43, 2048, 45)
part1.Position = Vector3.new(-433.384155, 68.1414032, -60.4616165, 0.707106948, 0, 0.70710659, 0, 1, 0, -0.70710659, 0, 0.707106948)
part1.Rotation = Vector3.new(0,45,0)
part1.Transparency = 1
part1.Name = "AntiVoidPart"
end

block37()


local function block38()
local part1 = Instance.new("Part")
part1.Anchored = true
part1.Parent = Workspace
part1.Size = Vector3.new(44, 2048, 30)
part1.Position = Vector3.new(-445.443939, 61.6414032, -34.9571609, 0.258819073, 0, 0.965925813, 0, 1, 0, -0.965925813, 0, 0.258819073)
part1.Rotation = Vector3.new(0,75,0)
part1.Transparency = 1
part1.Name = "AntiVoidPart"
end

block38()

local function block39()
local part1 = Instance.new("Part")
part1.Anchored = true
part1.Parent = Workspace
part1.Size = Vector3.new(39, 2048, 35)
part1.Position = Vector3.new(-452.997192, 59.6414032, -8.00214005, 0.258819073, -2.10847144e-08, -0.965925813, -2.97886249e-09, 1, -2.26266881e-08, 0.965925813, 8.73357919e-09, 0.258819073)
part1.Rotation = Vector3.new(0,-75,0)
part1.Transparency = 1
part1.Name = "AntiVoidPart"
end

block39()


local function block40()
local part1 = Instance.new("Part")
part1.Anchored = true
part1.Parent = Workspace
part1.Size = Vector3.new(43, 2048, 35)
part1.Position = Vector3.new(-441.754089, 68.6413956, 19.4966812, -0.707106769, 6.18172393e-08, 0.707106769, 1.49240009e-07, 1, 6.18172393e-08, -0.707106769, 1.49240009e-07, -0.707106769)
part1.Rotation = Vector3.new(180, 45, 180)
part1.Transparency = 1
part1.Name = "AntiVoidPart"
end

block40()


local function block41()
local part1 = Instance.new("Part")
part1.Anchored = true
part1.Parent = Workspace
part1.Size = Vector3.new(69, 2048, 40)
part1.Position = Vector3.new(-409.698669, 58.6414032, 42.6169739, 1, 0, 0, 0, 1, 0, 0, 0, 1)
part1.Rotation = Vector3.new(0,0,0)
part1.Transparency = 1
part1.Name = "AntiVoidPart"
end

block41()


local function block42()
local part1 = Instance.new("Part")
part1.Anchored = true
part1.Parent = Workspace
part1.Size = Vector3.new(33, 2048, 30)
part1.Position = Vector3.new(-363.956696, 65.6414337, 31.5460148, 0.707106829, 0, 0.707106769, 0, 1, 0, -0.707106769, 0, 0.707106829)
part1.Rotation = Vector3.new(0,45,0)
part1.Transparency = 1
part1.Name = "AntiVoidPart"
end

block42()


local function block43()
local part1 = Instance.new("Part")
part1.Anchored = true
part1.Parent = Workspace
part1.Size = Vector3.new(38, 439, 19)
part1.Position = Vector3.new(-339.419067, 267.141418, -2.59511757, 1, 0, 0, 0, 1, 0, 0, 0, 1)
part1.Rotation = Vector3.new(0,0,0)
part1.Transparency = 1
part1.Name = "AntiVoidPart"
end

block43()


local function block44()
local part1 = Instance.new("Part")
part1.Anchored = true
part1.Parent = Workspace
part1.Size = Vector3.new(43, 2048, 45)
part1.Position = Vector3.new(-119.470909, 13.8271484, -67.1244736, -0.500000119, 0, -0.866025329, 0, 1, 0, 0.866025329, 0, -0.500000119)
part1.Rotation = Vector3.new(180, -60, 180)
part1.Transparency = 1
part1.Name = "AntiVoidPart"
end

block44()


local function block45()
local part1 = Instance.new("Part")
part1.Anchored = true
part1.Parent = Workspace
part1.Size = Vector3.new(61, 2048, 41)
part1.Position = Vector3.new(-77.0376968, 22.8271484, -106.808517, 0.866025388, 0, 0.5, 0, 1, 0, -0.5, 0, 0.866025388)
part1.Rotation = Vector3.new(0, 30, 0)
part1.Transparency = 1
part1.Name = "AntiVoidPart"
end

block45()


local function block46()
local part1 = Instance.new("Part")
part1.Anchored = true
part1.Parent = Workspace
part1.Size = Vector3.new(41, 2048, 28)
part1.Position = Vector3.new(-34.7566643, 13.8271494, -118.16777, 0.965925813, 0, 0.258819044, 0, 1, 0, -0.258819044, 0, 0.965925813)
part1.Rotation = Vector3.new(0, 15, 0)
part1.Transparency = 1
part1.Name = "AntiVoidPart"
end

block46()


local function block47()
local part1 = Instance.new("Part")
part1.Anchored = true
part1.Parent = Workspace
part1.Size = Vector3.new(1, 2048, 39)
part1.Position = Vector3.new(-2.42237782, 6.82714844, -131.989319, 1, 0, 0, 0, 1, 0, 0, 0, 1)
part1.Rotation = Vector3.new(0,0,0)
part1.Transparency = 1
part1.Name = "AntiVoidPart"
end

block47()


local function block48()
local part1 = Instance.new("Part")
part1.Anchored = true
part1.Parent = Workspace
part1.Size = Vector3.new(43, 2048, 37)
part1.Position = Vector3.new(-26.0986595, 17.3271484, -131.24968, -0.104545735, 9.13967835e-09, -0.994520068, 4.79070839e-10, 1, 9.13967835e-09, 0.994520068, 4.79069229e-10, -0.104545735)
part1.Rotation = Vector3.new(180, -83.9990005493164, 180)
part1.Transparency = 1
part1.Name = "AntiVoidPart"
end

block48()

local function block49()
local part1 = Instance.new("Part")
part1.Anchored = true
part1.Parent = Workspace
part1.Size = Vector3.new(40, 2048, 1)
part1.Position = Vector3.new(-4.44786024, 11.3271484, -129.813721, -0.104545854, 1.57859859e-08, -0.994520068, 8.27446722e-10, 1, 1.57859859e-08, 0.994520068, 8.27441227e-10, -0.104545854)
part1.Rotation = Vector3.new(180, -83.9990005493164, 180)
part1.Transparency = 1
part1.Name = "AntiVoidPart"
end

block49()


local function block50()
local part1 = Instance.new("Part")
part1.Anchored = true
part1.Parent = Workspace
part1.Size = Vector3.new(16, 2048, 41)
part1.Position = Vector3.new(8.50922775, 18.8271484, -130.598145, 1, 0, 0, 0, 1, 0, 0, 0, 1)
part1.Rotation = Vector3.new(0,0,0)
part1.Transparency = 1
part1.Name = "AntiVoidPart"
end

block50()


local function block51()
local part1 = Instance.new("Part")
part1.Anchored = true
part1.Parent = Workspace
part1.Size = Vector3.new(44, 2048, 38)
part1.Position = Vector3.new(29.8653336, 21.8555584, -141.003448, 0.866025388, 0, 0.5, 0, 1, 0, -0.5, 0, 0.866025388)
part1.Rotation = Vector3.new(0,30,0)
part1.Transparency = 1
part1.Name = "AntiVoidPart"
end

block51()


local function block52()
local part1 = Instance.new("Part")
part1.Anchored = true
part1.Parent = Workspace
part1.Size = Vector3.new(46, 2048, 23)
part1.Position = Vector3.new(51.662159, 8.85555744, -167.729324, 0.499999881, 1.82268067e-07, 0.866025507, -2.96846537e-07, 1, -3.90806463e-08, -0.866025507, -2.37536341e-07, 0.499999881)
part1.Rotation = Vector3.new(0,60,0)
part1.Transparency = 1
part1.Name = "AntiVoidPart"
end

block52()

local function block53()
local part1 = Instance.new("Part")
part1.Anchored = true
part1.Parent = Workspace
part1.Size = Vector3.new(31, 2048, 43)
part1.Position = Vector3.new(67.2276688, 18.3555584, -204.693893, 1, 0, 0, 0, 1, 0, 0, 0, 1)
part1.Rotation = Vector3.new(0,0,0)
part1.Transparency = 1
part1.Name = "AntiVoidPart"
end

block53()


local function block54()
local part1 = Instance.new("Part")
part1.Anchored = true
part1.Parent = Workspace
part1.Size = Vector3.new(33, 2048, 49)
part1.Position = Vector3.new(62.527668, 13.8555584, -237.454315, 0.866025448, 0, 0.49999997, 0, 1, 0, -0.49999997, 0, 0.866025448)
part1.Rotation = Vector3.new(0,30,0)
part1.Transparency = 1
part1.Name = "AntiVoidPart"
end

block54()


local function block55()
local part1 = Instance.new("Part")
part1.Anchored = true
part1.Parent = Workspace
part1.Size = Vector3.new(4, 2048, 8)
part1.Position = Vector3.new(-4.65835953, 4.82714844, -114.549385, 1, 0, 0, 0, 1, 0, 0, 0, 1)
part1.Rotation = Vector3.new(0,0,0)
part1.Transparency = 1
part1.Name = "AntiVoidPart"
end

block55()


local function block56()
local part1 = Instance.new("Part")
part1.Anchored = true
part1.Parent = Workspace
part1.Size = Vector3.new(42, 2048, 25)
part1.Position = Vector3.new(32.8467712, 28.3555584, -265.376984, 0.866025269, 0, -0.500000179, 0, 1, 0, 0.500000179, 0, 0.866025269)
part1.Rotation = Vector3.new(0,-30,0)
part1.Transparency = 1
part1.Name = "AntiVoidPart"
end

block56()


local function block57()
local part1 = Instance.new("Part")
part1.Anchored = true
part1.Parent = Workspace
part1.Size = Vector3.new(46, 2048, 24)
part1.Position = Vector3.new(1.73761368, 31.8555584, -274.853119, 1, 0, 0, 0, 1, 0, 0, 0, 1)
part1.Rotation = Vector3.new(0,0,0)
part1.Transparency = 1
part1.Name = "AntiVoidPart"
end

block57()


local function block58()
local part1 = Instance.new("Part")
part1.Anchored = true
part1.Parent = Workspace
part1.Size = Vector3.new(50, 2048, 19)
part1.Position = Vector3.new(-29.1514397, 13.8555584, -268.18457, 0.866025925, 0, 0.499999106, 0, 1, 0, -0.499999076, 0, 0.866025925)
part1.Rotation = Vector3.new(0,30,0)
part1.Transparency = 1
part1.Name = "AntiVoidPart"
end

block58()


local function block59()
local part1 = Instance.new("Part")
part1.Anchored = true
part1.Parent = Workspace
part1.Size = Vector3.new(47, 2048, 28)
part1.Position = Vector3.new(-58.730648, 17.3555584, -249.431305, 0.499999911, 0, 0.866025448, 0, 1, 0, -0.866025448, 0, 0.499999911)
part1.Rotation = Vector3.new(0,60,0)
part1.Transparency = 1
part1.Name = "AntiVoidPart"
end

block59()


local function block60()
local part1 = Instance.new("Part")
part1.Anchored = true
part1.Parent = Workspace
part1.Size = Vector3.new(45, 2048, 54)
part1.Position = Vector3.new(-79.9049072, 29.8555584, -216.521957, 1, 0, 0, 0, 1, 0, 0, 0, 1)
part1.Rotation = Vector3.new(0,0,0)
part1.Transparency = 1
part1.Name = "AntiVoidPart"
end

block60()


local function block61()
local part1 = Instance.new("Part")
part1.Anchored = true
part1.Parent = Workspace
part1.Size = Vector3.new(38, 2048, 56)
part1.Position = Vector3.new(-73.4740906, 29.3555584, -180.889984, 0.866025269, 0, 0.50000006, 0, 1, 0, -0.500000119, 0, 0.866025269)
part1.Rotation = Vector3.new(0,30,0)
part1.Transparency = 1
part1.Name = "AntiVoidPart"
end

block61()


local function block62()
local part1 = Instance.new("Part")
part1.Anchored = true
part1.Parent = Workspace
part1.Size = Vector3.new(61, 2048, 36)
part1.Position = Vector3.new(-55.7584801, 29.8555584, -152.19696, 0.866025329, 0, -0.500000179, 0, 1, 0, 0.500000179, 0, 0.866025329)
part1.Rotation = Vector3.new(0,-30,0)
part1.Transparency = 1
part1.Name = "AntiVoidPart"
end

block62()


local function block63()
local part1 = Instance.new("Part")
part1.Anchored = true
part1.Parent = Workspace
part1.Size = Vector3.new(35, 2048, 32)
part1.Position = Vector3.new(29.7016792, 17.8271484, -121.275848, 0.965925753, 0, -0.258819252, 0, 1, 0, 0.258819252, 0, 0.965925753)
part1.Rotation = Vector3.new(0,-15,0)
part1.Transparency = 1
part1.Name = "AntiVoidPart"
end

block63()


local function block64()
local part1 = Instance.new("Part")
part1.Anchored = true
part1.Parent = Workspace
part1.Size = Vector3.new(38, 2048, 44)
part1.Position = Vector3.new(64.0166626, 35.8271484, -113.246101, 0.866025388, 0, -0.5, 0, 1, 0, 0.5, 0, 0.866025388)
part1.Rotation = Vector3.new(0,-30,0)
part1.Transparency = 1
part1.Name = "AntiVoidPart"
end

block64()


local function block65()
local part1 = Instance.new("Part")
part1.Anchored = true
part1.Parent = Workspace
part1.Size = Vector3.new(42, 2048, 40)
part1.Position = Vector3.new(90.6015091, 38.3271484, -91.946106, 0.707106829, 0, -0.707106709, 0, 1, 0, 0.707106709, 0, 0.707106829)
part1.Rotation = Vector3.new(0,-45,0)
part1.Transparency = 1
part1.Name = "AntiVoidPart"
end

block65()


local function block66()
local part1 = Instance.new("Part")
part1.Anchored = true
part1.Parent = Workspace
part1.Size = Vector3.new(42, 2048, 40)
part1.Position = Vector3.new(165.601501, 38.3271484, -91.946106, 0.707106829, 0, -0.707106709, 0, 1, 0, 0.707106709, 0, 0.707106829)
part1.Rotation = Vector3.new(0,-45,0)
part1.Transparency = 1
part1.Name = "AntiVoidPart"
end

block66()


local function block67()
local part1 = Instance.new("Part")
part1.Anchored = true
part1.Parent = Workspace
part1.Size = Vector3.new(34, 2048, 32)
part1.Position = Vector3.new(110.782425, 22.3271465, -56.7700653, 0.866025448, 9.16856067e-08, 0.49999997, -4.422564e-08, 1, -1.06770152e-07, -0.49999997, 7.03528471e-08, 0.866025448)
part1.Rotation = Vector3.new(0,30,0)
part1.Transparency = 1
part1.Name = "AntiVoidPart"
end

block67()


local function block68()
local part1 = Instance.new("Part")
part1.Anchored = true
part1.Parent = Workspace
part1.Size = Vector3.new(26, 2048, 49)
part1.Position = Vector3.new(116.570801, 26.8271484, -23.4751797, 0.965925813, 0, 0.258819044, 0, 1, 0, -0.258819044, 0, 0.965925813)
part1.Rotation = Vector3.new(0,15,0)
part1.Transparency = 1
part1.Name = "AntiVoidPart"
end

block68()


local function block69()
local part1 = Instance.new("Part")
part1.Anchored = true
part1.Parent = Workspace
part1.Size = Vector3.new(39, 2048, 71)
part1.Position = Vector3.new(124.920135, 96.8271484, 27.6967964, 0.965925872, 0, -0.258818895, 0, 1, 0, 0.258818895, 0, 0.965925872)
part1.Rotation = Vector3.new(0,-15,0)
part1.Transparency = 1
part1.Name = "AntiVoidPart"
end

block69()


local function block70()
local part1 = Instance.new("Part")
part1.Anchored = true
part1.Parent = Workspace
part1.Size = Vector3.new(28, 2048, 43)
part1.Position = Vector3.new(101.759132, 18.8271484, 70.0006943, 0.866025388, 0, -0.5, 0, 1, 0, 0.5, 0, 0.866025388)
part1.Rotation = Vector3.new(0,-30,0)
part1.Transparency = 1
part1.Name = "AntiVoidPart"
end

block70()


local function block71()
local part1 = Instance.new("Part")
part1.Anchored = true
part1.Parent = Workspace
part1.Size = Vector3.new(31, 2048, 34)
part1.Position = Vector3.new(79.6575623, 5.82714939, 99.9717865, 0.707106709, 0, 0.707106769, 0, 1, 0, -0.707106769, 0, 0.707106769)
part1.Rotation = Vector3.new(0,45,0)
part1.Transparency = 1
part1.Name = "AntiVoidPart"
end

block71()


local function block72()
local part1 = Instance.new("Part")
part1.Anchored = true
part1.Parent = Workspace
part1.Size = Vector3.new(37, 2048, 27)
part1.Position = Vector3.new(54.7230721, 25.3271484, 113.545494, 0.866025507, 0, 0.499999791, 0, 1, 0, -0.499999791, 0, 0.866025507)
part1.Rotation = Vector3.new(0,30,0)
part1.Transparency = 1
part1.Name = "AntiVoidPart"
end

block72()


local function block73()
local part1 = Instance.new("Part")
part1.Anchored = true
part1.Parent = Workspace
part1.Size = Vector3.new(45, 2048, 28)
part1.Position = Vector3.new(26.3207283, 17.3271484, 122.465919, 0.965925813, 0, 0.258819044, 0, 1, 0, -0.258819044, 0, 0.965925813)
part1.Rotation = Vector3.new(0,15,0)
part1.Transparency = 1
part1.Name = "AntiVoidPart"
end

block73()


local function block74()
local part1 = Instance.new("Part")
part1.Anchored = true
part1.Parent = Workspace
part1.Size = Vector3.new(29, 2048, 29)
part1.Position = Vector3.new(-46.8994827, 9.82714844, 122.651711, 0.965925813, 0, -0.258819044, 0, 1, 0, 0.258819044, 0, 0.965925813)
part1.Rotation = Vector3.new(0,-15,0)
part1.Transparency = 1
part1.Name = "AntiVoidPart"
end

block74()


local function block75()
local part1 = Instance.new("Part")
part1.Anchored = true
part1.Parent = Workspace
part1.Size = Vector3.new(26, 2048, 42)
part1.Position = Vector3.new(-28.1571503, 6.32714844, 125.368538, -0.0667965561, 1.00859996e-08, -0.997766614, 3.37231909e-10, 1, 1.00859996e-08, 0.997766614, 3.37237793e-10, -0.0667965561)
part1.Rotation = Vector3.new(180, -86.16999816894531, 180)
part1.Transparency = 1
part1.Name = "AntiVoidPart"
end

block75()


local function block76()
local part1 = Instance.new("Part")
part1.Anchored = true
part1.Parent = Workspace
part1.Size = Vector3.new(41, 2048, 22)
part1.Position = Vector3.new(11.2464218, 10.9327116, 131.619812, 0.0871383399, 0, -0.99619621, 0, 1, 0, 0.99619621, 0, 0.0871383399)
part1.Rotation = Vector3.new(0, -85.0009994506836, 0)
part1.Transparency = 1
part1.Name = "AntiVoidPart"
end

block76()


local function block77()
local part1 = Instance.new("Part")
part1.Anchored = true
part1.Parent = Workspace
part1.Size = Vector3.new(41, 2048, 22)
part1.Position = Vector3.new(-15.7273769, 10.4327106, 134.241928, 0.0871384591, 0, -0.99619621, 0, 1, 0, 0.99619621, 0, 0.0871384591)
part1.Rotation = Vector3.new(0, -85.0009994506836, 0)
part1.Transparency = 1
part1.Name = "AntiVoidPart"
end

block77()


local function block78()
local part1 = Instance.new("Part")
part1.Anchored = true
part1.Parent = Workspace
part1.Size = Vector3.new(40, 2048, 30)
part1.Position = Vector3.new(-37.412529, 24.4327106, 145.500366, 0.866025388, 0, 0.5, 0, 1, 0, -0.5, 0, 0.866025388)
part1.Rotation = Vector3.new(0, 30, 0)
part1.Transparency = 1
part1.Name = "AntiVoidPart"
end

block78()


local function block79()
local part1 = Instance.new("Part")
part1.Anchored = true
part1.Parent = Workspace
part1.Size = Vector3.new(21, 2048, 52)
part1.Position = Vector3.new(-58.3397751, 34.9327087, 167.078644, 0.866025388, 0, -0.50000006, 0, 1, 0, 0.50000006, 0, 0.866025388)
part1.Rotation = Vector3.new(0, -30, 0)
part1.Transparency = 1
part1.Name = "AntiVoidPart"
end

block79()


local function block80()
local part1 = Instance.new("Part")
part1.Anchored = true
part1.Parent = Workspace
part1.Size = Vector3.new(29, 2048, 49)
part1.Position = Vector3.new(-76.0716705, 45.9327087, 205.335648, 1, 0, 0, 0, 1, 0, 0, 0, 1)
part1.Rotation = Vector3.new(0, 0, 0)
part1.Transparency = 1
part1.Name = "AntiVoidPart"
end

block80()


local function block81()
local part1 = Instance.new("Part")
part1.Anchored = true
part1.Parent = Workspace
part1.Size = Vector3.new(36, 2048, 33)
part1.Position = Vector3.new(-70.8790131, 19.9327106, 245.444153, 0.49999997, 0, -0.866025448, 0, 1, 0, 0.866025448, 0, 0.49999997)
part1.Rotation = Vector3.new(0, -60, 0)
part1.Transparency = 1
part1.Name = "AntiVoidPart"
end

block81()


local function block82()
local part1 = Instance.new("Part")
part1.Anchored = true
part1.Parent = Workspace
part1.Size = Vector3.new(40, 2048, 48)
part1.Position = Vector3.new(-50.3312073, 22.4327106, 273.929535, 0.50000006, 0, 0.866025388, 0, 1, 0, -0.866025388, 0, 0.50000006)
part1.Rotation = Vector3.new(0, 60, 0)
part1.Transparency = 1
part1.Name = "AntiVoidPart"
end

block82()


local function block83()
local part1 = Instance.new("Part")
part1.Anchored = true
part1.Parent = Workspace
part1.Size = Vector3.new(54, 2048, 28)
part1.Position = Vector3.new(-11.5820961, 21.4327106, 280.91452, 1, 0, 0, 0, 1, 0, 0, 0, 1)
part1.Rotation = Vector3.new(0, 0, 0)
part1.Transparency = 1
part1.Name = "AntiVoidPart"
end

block83()


local function block84()
local part1 = Instance.new("Part")
part1.Anchored = true
part1.Parent = Workspace
part1.Size = Vector3.new(42, 2048, 24)
part1.Position = Vector3.new(25.6217804, 18.4327087, 274.505402, -0.866025388, 7.57103464e-08, -0.5, 4.37113883e-08, 1, 7.57103464e-08, 0.5, 4.37113883e-08, -0.866025388)
part1.Rotation = Vector3.new(180, -30, 180)
part1.Transparency = 1
part1.Name = "AntiVoidPart"
end

block84()


local function block85()
local part1 = Instance.new("Part")
part1.Anchored = true
part1.Parent = Workspace
part1.Size = Vector3.new(42, 2048, 21)
part1.Position = Vector3.new(61.0118446, 16.9327126, 231.400391, -0.258818954, 2.26266721e-08, -0.965925872, 2.97885494e-09, 1, 2.26266721e-08, 0.965925872, 2.97885805e-09, -0.258818954)
part1.Rotation = Vector3.new(180, -75, 180)
part1.Transparency = 1
part1.Name = "AntiVoidPart"
end

block85()


local function block86()
local part1 = Instance.new("Part")
part1.Anchored = true
part1.Parent = Workspace
part1.Size = Vector3.new(25, 2048, 27)
part1.Position = Vector3.new(64.6578827, 13.9327106, 205.994736, 1, 0, 0, 0, 1, 0, 0, 0, 1)
part1.Rotation = Vector3.new(0,0,0)
part1.Transparency = 1
part1.Name = "AntiVoidPart"
end

block86()


local function block87()
local part1 = Instance.new("Part")
part1.Anchored = true
part1.Parent = Workspace
part1.Size = Vector3.new(62, 2048, 64)
part1.Position = Vector3.new(79.2001724, 48.4327049, 178.383362, -0.866025388, 7.57103464e-08, -0.5, 4.37113883e-08, 1, 7.57103464e-08, 0.5, 4.37113883e-08, -0.866025388)
part1.Rotation = Vector3.new(180, -30, 180)
part1.Transparency = 1
part1.Name = "AntiVoidPart"
end

block87()

local function block88()
local part1 = Instance.new("Part")
part1.Anchored = true
part1.Parent = Workspace
part1.Size = Vector3.new(55, 2048, 32)
part1.Position = Vector3.new(39.6613274, 43.9327126, 150.747131, 0.866025329, 0, -0.500000179, 0, 1, 0, 0.500000179, 0, 0.866025329)
part1.Rotation = Vector3.new(0, -30, 0)
part1.Transparency = 1
part1.Name = "AntiVoidPart"
end

block88()
